 1 0.00000 1.00000 0.00100 
2 0.10000 1.46918 -0.62072
3 0.20000 1.71214 -0.42468
4 0.30000 1.70655 -0.45456
5 0.40000 1.88250 -0.27806
6 0.50000 0.36205 0.17381
7 0.60000 0.36080 0.32459
8 0.70000 0.54995 0.51387
9 0.80000 0.65334 0.59835
10 0.90000 0.53428 0.46895
11 1.00000 0.30255 0.24912
12 1.10000 0.22671 0.19646
13 1.20000 0.10671 0.08404
14 1.30000 1.66547 -0.33510
15 1.40000 1.56122 -0.59523
16 1.50000 1.55371 -0.59231
17 1.60000 1.45861 -0.68666
18 1.70000 0.22425 0.07839
19 1.80000 1.96297 -0.04936
20 1.90000 0.25463 0.05833
21 2.00000 1.97246 -0.04291
22 2.10000 1.93571 -0.25144
23 2.20000 0.05632 -0.13725
24 2.30000 0.01137 0.00574
25 2.40000 0.06516 0.06402
26 2.50000 1.92258 -0.07383
27 2.60000 1.59860 -0.58356
28 2.70000 1.95018 -0.19958
29 2.80000 1.78928 -0.39564
30 2.90000 1.55145 -0.61738
31 3.00000 1.37047 -0.77457
32 3.10000 1.35980 -0.76715
33 3.20000 1.55669 -0.56919
34 3.30000 1.47706 -0.66850
35 3.40000 1.47368 -0.66393
36 3.50000 0.78968 -1.34759
37 3.60000 0.48214 -1.58672
38 3.70000 0.47647 -1.56165
39 3.80000 0.54603 -1.49152
40 3.90000 0.12259 -1.92191
41 4.00000 0.09086 -1.91130
42 4.10000 0.14406 -1.85493
43 4.20000 0.39764 -1.60667
44 4.30000 0.84584 -1.18383
45 4.40000 1.22211 -0.85237
46 4.50000 1.38389 -0.72822
47 4.60000 1.76266 -0.36563
48 4.70000 1.76980 -0.39637
49 4.80000 1.35863 -0.80825
50 4.90000 1.36257 -0.76320
51 5.00000 1.51473 -0.61143
